# Synthetic anatase TiO2 Raman spectrum (bands 144/197/399/516/639)
100.0	258.5
101.0	219.7
102.0	226.6
103.0	267.9
104.0	247.6
105.0	243.9
106.0	263.2
107.0	240.7
108.0	238.2
109.0	244.0
110.0	270.6
111.0	257.0
112.0	225.7
113.0	248.1
114.0	271.9
115.0	302.6
116.0	227.4
117.0	264.7
118.0	250.2
119.0	278.1
120.0	270.3
121.0	298.7
122.0	279.9
123.0	262.2
124.0	277.5
125.0	326.2
126.0	366.2
127.0	478.9
128.0	555.4
129.0	622.5
130.0	856.8
131.0	1084.0
132.0	1433.2
133.0	1951.7
134.0	2514.7
135.0	3152.7
136.0	3997.9
137.0	4789.4
138.0	5686.5
139.0	6633.1
140.0	7469.2
141.0	8195.5
142.0	8769.1
143.0	9138.6
144.0	9253.7
145.0	9128.8
146.0	8723.5
147.0	8166.3
148.0	7479.3
149.0	6599.7
150.0	5729.9
151.0	4845.5
152.0	3948.7
153.0	3186.6
154.0	2553.8
155.0	1951.6
156.0	1521.9
157.0	1156.9
158.0	868.3
159.0	650.6
160.0	494.1
161.0	392.9
162.0	370.3
163.0	329.7
164.0	288.8
165.0	299.4
166.0	254.4
167.0	292.5
168.0	263.4
169.0	260.6
170.0	261.6
171.0	260.0
172.0	326.3
173.0	226.2
174.0	274.4
175.0	305.8
176.0	299.1
177.0	282.1
178.0	344.1
179.0	287.9
180.0	299.5
181.0	368.0
182.0	343.4
183.0	351.1
184.0	468.2
185.0	505.5
186.0	549.6
187.0	567.6
188.0	635.7
189.0	659.9
190.0	780.2
191.0	807.7
192.0	854.0
193.0	828.6
194.0	932.4
195.0	975.6
196.0	984.8
197.0	979.6
198.0	954.4
199.0	929.9
200.0	927.5
201.0	887.4
202.0	841.8
203.0	780.8
204.0	779.6
205.0	655.6
206.0	631.5
207.0	566.3
208.0	558.2
209.0	523.5
210.0	478.5
211.0	430.8
212.0	346.2
213.0	407.4
214.0	346.8
215.0	313.7
216.0	303.0
217.0	283.1
218.0	293.8
219.0	284.7
220.0	263.2
221.0	204.6
222.0	265.5
223.0	276.6
224.0	276.7
225.0	258.9
226.0	273.6
227.0	287.7
228.0	250.0
229.0	298.3
230.0	212.8
231.0	230.1
232.0	239.0
233.0	200.6
234.0	236.7
235.0	293.0
236.0	292.8
237.0	264.3
238.0	304.9
239.0	267.9
240.0	249.6
241.0	268.1
242.0	258.7
243.0	280.5
244.0	224.6
245.0	287.2
246.0	250.8
247.0	283.7
248.0	223.9
249.0	252.0
250.0	264.5
251.0	285.1
252.0	232.2
253.0	304.3
254.0	274.8
255.0	249.6
256.0	293.2
257.0	265.4
258.0	291.9
259.0	321.0
260.0	282.2
261.0	249.9
262.0	252.5
263.0	277.7
264.0	270.4
265.0	242.4
266.0	246.6
267.0	280.0
268.0	322.1
269.0	197.7
270.0	281.6
271.0	258.3
272.0	283.1
273.0	285.3
274.0	265.0
275.0	238.4
276.0	228.9
277.0	217.0
278.0	294.5
279.0	258.7
280.0	250.5
281.0	257.1
282.0	230.6
283.0	271.8
284.0	297.2
285.0	292.7
286.0	225.2
287.0	298.4
288.0	245.3
289.0	216.6
290.0	233.8
291.0	240.4
292.0	264.4
293.0	238.9
294.0	226.9
295.0	258.1
296.0	312.9
297.0	247.3
298.0	276.5
299.0	266.9
300.0	331.5
301.0	217.6
302.0	292.5
303.0	233.1
304.0	250.4
305.0	262.8
306.0	345.0
307.0	246.3
308.0	218.2
309.0	297.9
310.0	244.5
311.0	259.5
312.0	265.0
313.0	268.1
314.0	261.4
315.0	272.4
316.0	275.5
317.0	287.2
318.0	255.2
319.0	247.2
320.0	239.4
321.0	280.9
322.0	264.9
323.0	280.0
324.0	279.7
325.0	308.4
326.0	271.5
327.0	285.2
328.0	236.3
329.0	239.4
330.0	258.7
331.0	236.1
332.0	283.8
333.0	233.3
334.0	268.4
335.0	205.3
336.0	239.2
337.0	258.4
338.0	260.4
339.0	222.2
340.0	269.7
341.0	291.4
342.0	283.3
343.0	250.7
344.0	252.5
345.0	237.6
346.0	283.0
347.0	303.4
348.0	254.3
349.0	225.0
350.0	272.5
351.0	285.2
352.0	199.5
353.0	271.1
354.0	321.8
355.0	288.3
356.0	281.6
357.0	277.9
358.0	294.4
359.0	244.4
360.0	246.9
361.0	278.3
362.0	251.0
363.0	274.7
364.0	220.4
365.0	287.3
366.0	289.7
367.0	269.7
368.0	273.0
369.0	309.8
370.0	242.7
371.0	247.7
372.0	244.3
373.0	262.6
374.0	250.2
375.0	279.7
376.0	267.0
377.0	253.1
378.0	258.9
379.0	338.8
380.0	320.9
381.0	335.0
382.0	363.9
383.0	388.9
384.0	443.3
385.0	477.9
386.0	494.9
387.0	540.9
388.0	591.9
389.0	650.2
390.0	782.5
391.0	792.5
392.0	832.9
393.0	927.9
394.0	990.3
395.0	1072.2
396.0	1086.5
397.0	1155.5
398.0	1172.6
399.0	1201.6
400.0	1217.2
401.0	1213.6
402.0	1142.8
403.0	1035.4
404.0	1000.4
405.0	955.8
406.0	935.7
407.0	833.1
408.0	778.5
409.0	678.2
410.0	635.0
411.0	580.7
412.0	499.5
413.0	484.7
414.0	452.6
415.0	388.6
416.0	390.4
417.0	383.7
418.0	326.2
419.0	310.5
420.0	292.0
421.0	276.1
422.0	289.4
423.0	270.9
424.0	270.2
425.0	256.5
426.0	235.9
427.0	249.9
428.0	280.9
429.0	242.7
430.0	255.8
431.0	312.9
432.0	299.9
433.0	254.4
434.0	286.8
435.0	255.5
436.0	312.5
437.0	257.2
438.0	273.9
439.0	306.6
440.0	251.3
441.0	304.7
442.0	251.7
443.0	278.1
444.0	264.8
445.0	270.0
446.0	276.3
447.0	270.5
448.0	247.0
449.0	294.1
450.0	290.5
451.0	304.8
452.0	307.2
453.0	239.1
454.0	304.8
455.0	305.2
456.0	259.5
457.0	298.8
458.0	309.6
459.0	259.5
460.0	238.5
461.0	264.1
462.0	342.9
463.0	279.1
464.0	242.8
465.0	266.9
466.0	248.4
467.0	263.4
468.0	275.8
469.0	209.4
470.0	282.5
471.0	308.9
472.0	268.7
473.0	264.1
474.0	301.1
475.0	242.1
476.0	242.7
477.0	239.2
478.0	270.1
479.0	284.0
480.0	272.1
481.0	288.3
482.0	295.7
483.0	287.8
484.0	255.8
485.0	270.2
486.0	309.4
487.0	253.7
488.0	276.0
489.0	275.1
490.0	285.4
491.0	268.8
492.0	269.4
493.0	376.7
494.0	348.8
495.0	322.7
496.0	358.0
497.0	399.5
498.0	401.6
499.0	458.3
500.0	465.5
501.0	515.4
502.0	571.2
503.0	616.0
504.0	625.0
505.0	749.6
506.0	821.2
507.0	893.8
508.0	924.2
509.0	1023.0
510.0	1081.6
511.0	1088.3
512.0	1126.5
513.0	1233.5
514.0	1227.5
515.0	1294.7
516.0	1329.3
517.0	1255.1
518.0	1234.3
519.0	1221.6
520.0	1198.8
521.0	1104.7
522.0	1108.0
523.0	1039.9
524.0	966.4
525.0	869.3
526.0	838.6
527.0	771.6
528.0	657.5
529.0	681.0
530.0	567.2
531.0	535.1
532.0	469.4
533.0	454.2
534.0	441.0
535.0	364.3
536.0	320.1
537.0	331.3
538.0	294.7
539.0	296.2
540.0	302.4
541.0	296.6
542.0	324.8
543.0	262.9
544.0	293.9
545.0	270.1
546.0	315.3
547.0	343.2
548.0	286.8
549.0	320.5
550.0	265.0
551.0	238.1
552.0	246.2
553.0	238.4
554.0	254.0
555.0	271.8
556.0	306.6
557.0	295.4
558.0	289.5
559.0	267.4
560.0	260.0
561.0	278.9
562.0	281.5
563.0	284.6
564.0	287.5
565.0	275.3
566.0	230.2
567.0	250.5
568.0	257.8
569.0	320.9
570.0	267.8
571.0	295.4
572.0	315.2
573.0	287.0
574.0	268.9
575.0	271.4
576.0	253.2
577.0	286.5
578.0	307.1
579.0	293.2
580.0	298.3
581.0	297.0
582.0	329.2
583.0	263.3
584.0	283.1
585.0	296.9
586.0	310.5
587.0	218.7
588.0	266.3
589.0	274.2
590.0	253.8
591.0	300.7
592.0	285.1
593.0	269.7
594.0	238.9
595.0	246.7
596.0	255.2
597.0	291.2
598.0	249.5
599.0	228.3
600.0	243.8
601.0	265.4
602.0	322.2
603.0	343.1
604.0	268.8
605.0	304.8
606.0	316.8
607.0	314.6
608.0	280.7
609.0	252.5
610.0	275.0
611.0	243.5
612.0	299.9
613.0	318.6
614.0	258.7
615.0	313.7
616.0	333.9
617.0	372.6
618.0	394.2
619.0	402.6
620.0	393.1
621.0	434.2
622.0	512.8
623.0	513.1
624.0	579.4
625.0	678.2
626.0	707.3
627.0	740.3
628.0	842.6
629.0	944.7
630.0	1004.6
631.0	1118.9
632.0	1200.4
633.0	1226.3
634.0	1297.5
635.0	1366.3
636.0	1386.9
637.0	1462.0
638.0	1470.0
639.0	1501.6
640.0	1459.6
641.0	1430.8
642.0	1463.2
643.0	1347.3
644.0	1296.0
645.0	1224.8
646.0	1161.5
647.0	1067.8
648.0	1009.1
649.0	912.1
650.0	840.7
651.0	785.0
652.0	722.9
653.0	652.2
654.0	563.5
655.0	539.8
656.0	481.4
657.0	442.6
658.0	369.1
659.0	401.3
660.0	358.4
661.0	386.2
662.0	344.9
663.0	289.5
664.0	274.2
665.0	330.5
666.0	274.8
667.0	310.0
668.0	282.6
669.0	340.7
670.0	288.7
671.0	323.6
672.0	318.4
673.0	273.1
674.0	276.2
675.0	321.4
676.0	284.2
677.0	262.5
678.0	314.3
679.0	348.6
680.0	283.4
681.0	319.5
682.0	280.6
683.0	318.7
684.0	278.9
685.0	318.3
686.0	298.7
687.0	280.7
688.0	291.3
689.0	271.9
690.0	257.4
691.0	259.3
692.0	284.4
693.0	259.5
694.0	297.0
695.0	299.4
696.0	298.0
697.0	273.9
698.0	287.9
699.0	285.9
700.0	319.7
701.0	266.5
702.0	277.1
703.0	281.0
704.0	283.3
705.0	268.2
706.0	271.3
707.0	312.5
708.0	271.2
709.0	310.1
710.0	338.1
711.0	319.3
712.0	242.2
713.0	306.8
714.0	299.4
715.0	301.1
716.0	246.9
717.0	306.6
718.0	260.4
719.0	320.1
720.0	314.5
721.0	351.5
722.0	278.1
723.0	249.7
724.0	314.1
725.0	309.7
726.0	278.3
727.0	322.0
728.0	305.2
729.0	255.8
730.0	279.3
731.0	277.0
732.0	285.4
733.0	293.0
734.0	270.9
735.0	283.4
736.0	303.1
737.0	286.5
738.0	281.7
739.0	280.9
740.0	286.0
741.0	240.7
742.0	292.6
743.0	262.9
744.0	291.4
745.0	252.0
746.0	311.9
747.0	294.8
748.0	255.1
749.0	294.9
750.0	270.0
751.0	334.1
752.0	301.4
753.0	269.3
754.0	294.9
755.0	288.5
756.0	319.3
757.0	298.4
758.0	302.3
759.0	261.6
760.0	309.4
761.0	342.0
762.0	305.7
763.0	288.8
764.0	294.0
765.0	266.1
766.0	294.6
767.0	262.6
768.0	291.2
769.0	280.4
770.0	269.4
771.0	304.8
772.0	253.1
773.0	289.4
774.0	257.3
775.0	336.2
776.0	339.9
777.0	311.7
778.0	338.1
779.0	305.5
780.0	304.3
781.0	280.1
782.0	268.4
783.0	294.1
784.0	277.5
785.0	280.0
786.0	309.2
787.0	287.8
788.0	252.1
789.0	285.7
790.0	272.1
791.0	283.8
792.0	263.8
793.0	321.3
794.0	338.9
795.0	263.6
796.0	307.6
797.0	306.4
798.0	264.6
799.0	294.1
800.0	326.9
801.0	312.8
802.0	332.2
803.0	262.5
804.0	273.1
805.0	299.1
806.0	300.7
807.0	292.4
808.0	282.2
809.0	281.6
810.0	276.7
811.0	303.2
812.0	223.0
813.0	332.0
814.0	278.8
815.0	256.3
816.0	305.7
817.0	257.0
818.0	301.8
819.0	282.1
820.0	306.9
821.0	311.9
822.0	324.6
823.0	279.9
824.0	285.0
825.0	292.0
826.0	257.0
827.0	307.2
828.0	295.6
829.0	258.9
830.0	322.7
831.0	326.7
832.0	259.6
833.0	306.9
834.0	323.9
835.0	313.7
836.0	268.2
837.0	257.8
838.0	289.9
839.0	280.4
840.0	292.6
841.0	290.3
842.0	306.1
843.0	278.9
844.0	288.9
845.0	367.2
846.0	289.8
847.0	311.5
848.0	300.3
849.0	298.6
850.0	270.4
851.0	306.4
852.0	292.0
853.0	313.7
854.0	344.6
855.0	298.0
856.0	312.5
857.0	267.9
858.0	296.4
859.0	332.3
860.0	292.1
861.0	277.7
862.0	298.8
863.0	289.1
864.0	287.8
865.0	284.5
866.0	343.5
867.0	272.1
868.0	283.6
869.0	279.7
870.0	325.1
871.0	287.1
872.0	326.8
873.0	298.4
874.0	293.7
875.0	257.8
876.0	324.6
877.0	307.9
878.0	304.6
879.0	291.5
880.0	284.1
881.0	262.9
882.0	318.3
883.0	301.4
884.0	285.8
885.0	279.0
886.0	297.7
887.0	292.6
888.0	336.0
889.0	314.3
890.0	280.1
891.0	267.4
892.0	289.2
893.0	272.4
894.0	297.1
895.0	305.4
896.0	311.3
897.0	305.8
898.0	290.7
899.0	310.6
900.0	273.4
901.0	293.7
902.0	316.1
903.0	303.0
904.0	264.1
905.0	267.1
906.0	255.6
907.0	341.2
908.0	257.4
909.0	292.7
910.0	342.2
911.0	323.3
912.0	329.3
913.0	284.0
914.0	315.0
915.0	372.7
916.0	295.7
917.0	307.0
918.0	288.9
919.0	296.5
920.0	306.2
921.0	331.6
922.0	274.5
923.0	261.3
924.0	297.7
925.0	302.3
926.0	332.5
927.0	315.2
928.0	281.7
929.0	311.5
930.0	325.3
931.0	304.6
932.0	289.0
933.0	314.5
934.0	288.7
935.0	251.0
936.0	331.0
937.0	265.5
938.0	289.4
939.0	289.9
940.0	289.5
941.0	290.8
942.0	261.9
943.0	311.1
944.0	298.7
945.0	299.0
946.0	324.8
947.0	325.6
948.0	331.6
949.0	344.4
950.0	309.5
951.0	259.8
952.0	303.6
953.0	298.7
954.0	300.1
955.0	283.4
956.0	276.3
957.0	318.5
958.0	322.8
959.0	270.7
960.0	312.2
961.0	294.5
962.0	289.1
963.0	316.0
964.0	297.6
965.0	285.1
966.0	300.4
967.0	249.1
968.0	284.2
969.0	288.1
970.0	264.1
971.0	303.5
972.0	305.9
973.0	284.1
974.0	294.9
975.0	316.0
976.0	325.7
977.0	280.2
978.0	307.7
979.0	325.2
980.0	298.6
981.0	280.0
982.0	280.2
983.0	291.3
984.0	273.6
985.0	349.8
986.0	285.2
987.0	308.9
988.0	304.1
989.0	315.5
990.0	289.9
991.0	267.1
992.0	340.6
993.0	297.7
994.0	302.6
995.0	304.8
996.0	331.3
997.0	319.1
998.0	329.3
999.0	320.5
1000.0	303.8
1001.0	306.4
1002.0	281.6
1003.0	251.7
1004.0	294.3
1005.0	273.5
1006.0	365.0
1007.0	339.4
1008.0	329.7
1009.0	286.7
1010.0	352.0
1011.0	258.0
1012.0	270.4
1013.0	281.2
1014.0	276.8
1015.0	304.1
1016.0	305.7
1017.0	348.6
1018.0	325.9
1019.0	331.5
1020.0	311.5
1021.0	297.4
1022.0	284.0
1023.0	263.5
1024.0	279.5
1025.0	291.8
1026.0	320.4
1027.0	259.2
1028.0	267.3
1029.0	307.0
1030.0	275.3
1031.0	310.0
1032.0	291.3
1033.0	282.9
1034.0	268.4
1035.0	299.4
1036.0	283.6
1037.0	286.6
1038.0	286.0
1039.0	306.6
1040.0	305.7
1041.0	259.2
1042.0	298.1
1043.0	312.1
1044.0	328.2
1045.0	321.8
1046.0	307.5
1047.0	273.8
1048.0	283.2
1049.0	325.3
1050.0	284.9
1051.0	328.2
1052.0	334.4
1053.0	276.1
1054.0	313.7
1055.0	299.9
1056.0	353.5
1057.0	323.8
1058.0	290.1
1059.0	313.1
1060.0	280.1
1061.0	299.3
1062.0	308.2
1063.0	306.9
1064.0	310.9
1065.0	280.6
1066.0	257.0
1067.0	294.3
1068.0	281.1
1069.0	285.9
1070.0	356.9
1071.0	332.6
1072.0	299.2
1073.0	267.8
1074.0	271.2
1075.0	312.8
1076.0	330.5
1077.0	296.6
1078.0	307.3
1079.0	310.3
1080.0	330.7
1081.0	257.0
1082.0	308.0
1083.0	314.3
1084.0	328.0
1085.0	314.2
1086.0	276.8
1087.0	289.8
1088.0	266.3
1089.0	309.3
1090.0	309.3
1091.0	317.3
1092.0	280.4
1093.0	276.1
1094.0	342.8
1095.0	309.3
1096.0	348.5
1097.0	315.8
1098.0	268.4
1099.0	325.1
1100.0	335.9
1101.0	293.8
1102.0	257.0
1103.0	321.8
1104.0	301.7
1105.0	312.2
1106.0	238.1
1107.0	316.8
1108.0	236.6
1109.0	283.8
1110.0	327.6
1111.0	259.9
1112.0	259.0
1113.0	294.4
1114.0	346.9
1115.0	346.1
1116.0	290.6
1117.0	330.8
1118.0	320.4
1119.0	312.5
1120.0	314.9
1121.0	287.9
1122.0	326.1
1123.0	332.6
1124.0	373.7
1125.0	329.1
1126.0	244.9
1127.0	276.2
1128.0	314.7
1129.0	308.1
1130.0	259.9
1131.0	303.0
1132.0	297.5
1133.0	305.3
1134.0	303.5
1135.0	329.6
1136.0	343.3
1137.0	323.8
1138.0	279.0
1139.0	285.2
1140.0	290.3
1141.0	305.5
1142.0	296.3
1143.0	298.3
1144.0	284.0
1145.0	330.9
1146.0	328.5
1147.0	331.1
1148.0	305.3
1149.0	318.7
1150.0	284.6
1151.0	282.2
1152.0	293.9
1153.0	322.2
1154.0	303.9
1155.0	279.1
1156.0	310.0
1157.0	318.3
1158.0	311.9
1159.0	291.2
1160.0	309.6
1161.0	297.5
1162.0	299.9
1163.0	305.9
1164.0	327.0
1165.0	353.8
1166.0	347.2
1167.0	324.0
1168.0	298.4
1169.0	300.7
1170.0	301.8
1171.0	337.3
1172.0	239.5
1173.0	315.1
1174.0	258.9
1175.0	308.7
1176.0	341.9
1177.0	286.1
1178.0	251.8
1179.0	341.4
1180.0	346.6
1181.0	321.5
1182.0	340.5
1183.0	289.1
1184.0	338.5
1185.0	351.8
1186.0	325.3
1187.0	316.4
1188.0	341.5
1189.0	337.7
1190.0	290.8
1191.0	343.6
1192.0	328.2
1193.0	313.6
1194.0	342.3
1195.0	332.9
1196.0	328.4
1197.0	297.2
1198.0	330.7
1199.0	282.2
1200.0	306.8
