Micromeritics Instrument Corporation (synthetic example)
Sample: SBA-15 silica
Analysis Adsorptive: N2
Analysis Bath Temp.: 77.350 K
Saturation Pressure: 760.12 mmHg
Operator: KherveOS example

Relative Pressure (P/Po)	Absolute Pressure (mmHg)	Quantity Adsorbed (cm3/g STP)
0.010000	7.6012	84.7488
0.030000	22.8036	127.6221
0.050000	38.0060	144.0435
0.070000	53.2084	153.2667
0.100000	76.0120	163.6772
0.130000	98.8156	173.3268
0.160000	121.6192	182.0601
0.200000	152.0240	193.6182
0.250000	190.0300	206.9121
0.300000	228.0360	222.9555
0.350000	266.0420	242.5796
0.400000	304.0480	248.4198
0.450000	342.0540	255.2361
0.500000	380.0600	260.8335
0.550000	418.0660	265.9873
0.600000	456.0720	271.9440
0.620000	471.2744	277.1215
0.640000	486.4768	279.4357
0.660000	501.6792	293.0423
0.680000	516.8816	347.2023
0.700000	532.0840	494.2085
0.720000	547.2864	640.0209
0.750000	570.0900	702.9268
0.800000	608.0960	715.8326
0.850000	646.1020	723.9080
0.900000	684.1080	732.0845
0.950000	722.1140	740.2447
0.990000	752.5188	744.0851
0.950000	722.1140	733.8554
0.900000	684.1080	732.1050
0.850000	646.1020	720.2363
0.800000	608.0960	715.6977
0.750000	570.0900	706.8613
0.720000	547.2864	705.6622
0.700000	532.0840	698.1831
0.680000	516.8816	680.5424
0.660000	501.6792	611.7303
0.640000	486.4768	443.6745
0.620000	471.2744	321.7836
0.600000	456.0720	280.5991
0.580000	440.8696	271.2897
0.550000	418.0660	266.7492
0.500000	380.0600	259.9971
0.450000	342.0540	254.3492
0.400000	304.0480	248.1439
0.350000	266.0420	241.3363
0.300000	228.0360	224.2022
